\begindata
SCLK_KERNEL_ID           = ( @2004-01-01T00:00:00 )
SCLK_DATA_TYPE_82        = ( 1 )
SCLK01_TIME_SYSTEM_82    = ( 1 )
SCLK01_N_FIELDS_82       = ( 2 )
SCLK01_MODULI_82         = ( 1000000000000 1000 )
SCLK01_OFFSETS_82        = ( 0 0 )
SCLK01_OUTPUT_DELIM_82   = ( 1 )
SCLK_PARTITION_START_82  = ( 0.0000000000000E+00 )
SCLK_PARTITION_END_82    = ( 1.0000000000000E+15 )
SCLK01_COEFFICIENTS_82   = ( 0.0000000000000E+00  0.0000000000000E+00  1.0000000000000E+00 )
\begintext
